eval_loss = 0.25221389532089233
eval_precision = 0.8213627992633518
eval_recall = 0.8479087452471483
eval_f1 = 0.8344246959775492
eval_runtime = 10.3338
eval_samples_per_second = 40.643
eval_steps_per_second = 0.29
